0 415 309 436 384 226 379 403 174 349 251 294 571 462 590 540 604 499 530 585 150 174 182 457 225 361
415 0 129 174 180 212 732 117 351 367 288 270 431 450 474 485 502 510 555 560 499 436 498 585 551 469
309 129 0 255 232 87 604 195 222 255 161 150 375 353 411 403 437 411 456 474 375 307 371 468 424 350
436 174 255 0 54 305 800 61 441 510 407 405 604 606 646 651 674 666 710 724 558 518 570 721 623 601
384 180 232 54 0 270 751 67 400 483 375 377 597 585 637 635 664 644 688 706 510 474 523 690 577 570
226 212 87 305 270 0 520 251 141 222 106 120 393 335 424 399 445 390 431 463 288 225 286 420 340 300
379 732 604 800 751 520 0 757 381 456 459 495 658 503 651 573 647 495 495 570 241 296 234 361 180 371
403 117 195 61 67 251 757 0 390 450 350 345 543 545 585 589 612 604 649 662 516 469 524 662 578 543
174 351 222 441 400 141 381 390 0 174 91 135 398 288 415 366 429 328 363 413 161 84 150 313 201 201
349 367 255 510 483 222 456 450 174 0 120 106 229 117 242 192 255 167 208 246 301 212 270 218 303 108
251 288 161 407 375 106 459 350 91 120 0 45 322 237 345 307 363 288 328 366 251 167 234 315 283 195
294 270 150 405 377 120 495 345 135 106 45 0 283 214 309 279 328 270 313 342 294 208 275 318 322 200
571 431 375 604 597 393 658 543 398 229 322 283 0 156 45 106 75 183 212 167 530 441 497 329 525 288
462 450 353 606 585 335 503 545 288 117 237 214 156 0 150 80 152 60 105 129 393 309 356 180 377 135
590 474 411 646 637 424 651 585 415 242 345 309 45 150 0 80 30 161 183 129 538 451 503 309 526 285
540 485 403 651 635 399 573 589 366 192 307 279 106 80 80 0 75 80 106 75 474 390 436 228 456 212
604 502 437 674 664 445 647 612 429 255 363 328 75 152 30 75 0 152 167 106 546 460 509 298 530 286
499 510 411 666 644 390 495 604 328 167 288 270 183 60 161 80 152 0 45 87 415 337 376 147 389 147
530 555 456 710 688 431 495 649 363 208 328 313 212 105 183 106 167 45 0 75 437 363 396 135 403 171
585 560 474 724 706 463 570 662 413 246 366 342 167 129 129 75 106 87 75 0 503 424 463 210 474 234
150 499 375 558 510 288 241 516 161 301 251 294 530 393 538 474 546 415 437 503 0 90 42 339 75 268
174 436 307 518 474 225 296 469 84 212 167 208 441 309 451 390 460 337 363 424 90 0 67 283 117 192
182 498 371 570 523 286 234 524 150 270 234 275 497 356 503 436 509 376 396 463 42 67 0 296 54 228
457 585 468 721 690 420 361 662 313 218 315 318 329 180 309 228 298 147 135 210 339 283 296 0 291 120
225 551 424 623 577 340 180 578 201 303 283 322 525 377 526 456 530 389 403 474 75 117 54 291 0 244
361 469 350 601 570 300 371 543 201 108 195 200 288 135 285 212 286 147 171 234 268 192 228 120 244 0
